0 53 78 0.188619257525
0 59 126 0.255585892136
0 25 189 0.110784904079
0 49 82 0.0626765923819
0 23 95 0.263834347591
0 109 120 0.0392499694391
0 22 175 0.217470082374
0 22 97 0.152612544438
0 28 181 0.185931045134
0 95 169 0.133329365989
0 41 142 0.302631451675
0 1 84 0.158004856342
0 78 97 0.0604325872383
0 90 121 0.0907509477266
0 74 185 0.158966078912
0 5 137 0.268165258663
0 68 89 0.134283728711
0 31 182 0.161851502619
0 25 116 0.109398070777
0 21 51 0.0658627201092
0 64 185 0.155713874882
0 109 128 0.0618802614962
0 86 165 0.129440981316
0 157 169 0.0161548630661
0 56 92 0.128194593175
0 150 159 -0.00706725546745
0 50 156 0.16696306675
0 72 165 0.0440899878733
0 51 138 0.0939510896627
0 112 169 0.0850098429438
0 46 102 0.160223502242
0 97 134 0.0497272536291
0 68 93 0.182127277403
0 55 102 0.150620372892
0 141 172 0.0859541874905
0 61 72 0.08820670648
0 72 113 0.0454628963686
0 74 79 0.0436564725732
0 7 46 0.041850333469
0 34 158 0.189142277337
0 71 169 0.2049570512
0 8 29 0.094169350307
0 1 179 0.203378655747
0 15 190 0.133109162784
0 149 154 -0.106990352969
0 32 136 0.328962822952
0 134 187 0.0378055542139
0 63 93 0.0149286347009
0 142 185 0.0716591478622
0 91 174 0.0513178073166
0 49 144 0.0907509477266
0 31 185 0.194602781431
0 26 73 0.213769665609
0 3 185 0.14428276024
0 102 143 0.0651384852268
0 7 168 0.159779648605
0 34 38 -0.240945429733
0 104 189 0.0185353307014
0 51 168 0.0162991283492
0 88 179 0.102615828472
0 19 108 0.205032237957
0 51 57 0.0129811863098
0 20 86 0.187648205304
0 68 188 0.20195144472
0 85 157 0.0927144472945
0 25 153 0.171414933688
0 54 73 0.0240906187843
0 23 92 0.256586205258
0 99 159 0.0283482562238
0 113 162 0.0575379914506
0 101 138 0.0337620110144
0 34 114 0.212487198697
0 102 186 -0.023657690206
0 56 174 0.17974326511
0 37 45 0.0947514224855
0 15 67 0.0326069214071
0 55 124 0.18227634591
0 36 144 0.0930053963925
0 93 191 0.139500357131
0 71 95 0.205934657633
0 65 140 0.237206010848
0 47 49 0.176914871373
0 50 160 0.216563319278
0 40 105 0.199699602801
0 25 83 0.0117550665463
0 23 117 0.274447087866
0 4 159 0.187050808631
0 160 186 -0.0916962483726
0 38 55 0.260361155023
0 72 91 0.0135581971256
0 34 101 0.164443260806
0 170 172 -0.12379871418
0 85 107 0.0289256386868
0 16 191 0.250591784981
0 149 182 -0.0260389114668
0 3 19 -0.105604653337
0 5 137 0.296486542049
0 88 187 0.0839204024337
0 116 174 0.0245235563914
0 4 14 -0.250438315352
0 8 178 0.334506639612
0 147 172 0.0939510896627
0 19 187 0.232027357997
0 20 115 0.294600189077
0 4 157 0.207514689217
0 38 158 0.272894070903
0 155 171 -0.026760550719
0 34 104 0.142148275622
0 19 96 0.160297483929
0 48 153 0.128414515133
0 176 179 -0.0012259326831
0 129 183 -0.0353504069161
0 67 73 0.0712242538167
0 7 128 0.221630612604
0 64 82 0.0678185011211
0 42 185 0.13494458373
0 71 91 0.171414933688
0 50 122 0.226860903053
0 65 184 0.21361875127
0 82 110 0.0532702059439
0 31 144 0.150399094009
0 7 104 0.165999365158
0 49 166 0.167259652065
0 16 61 0.105312978754
0 42 150 0.12248088579
0 0 173 0.185259408407
0 53 113 0.161259404512
0 36 148 0.164221024773
0 45 179 0.123579046525
0 35 111 0.328321328483
0 40 113 0.138912195935
0 59 130 0.26483887026
0 37 136 0.220268159959
0 151 184 -0.0217817667356
0 114 130 0.0306579033067
0 61 187 0.180711524839
0 34 79 0.15335069008
0 46 75 0.105677574778
0 80 91 0.0994831679115
0 38 77 0.220192491782
0 78 131 0.061518318882
0 58 59 -0.199324490654
0 5 94 0.25143607488
0 24 32 -0.18854454874
0 130 175 0.00951928947273
0 20 187 0.312843325035
0 80 132 0.143104953315
0 108 118 0.00973565047978
0 30 157 0.126655483528
0 25 98 0.174014955855
0 163 189 -0.130981190035
0 179 190 -0.0582615482218
0 25 45 0.061518318882
0 119 177 0.00656243645479
0 63 66 -0.0116829429909
0 30 79 0.0815243290367
0 34 135 0.227619923191
0 41 162 0.256894094949
0 24 183 0.0829037706194
0 42 48 0.0199059965326
0 18 138 0.175947907958
0 81 164 0.120212281721
0 73 156 0.0695574076635
0 33 55 -0.00865385415394
0 109 181 0.021132444992
0 158 163 -0.0285647724124
0 2 181 0.281841727815
0 88 101 0.0805080967452
0 94 143 0.14597655531
0 39 55 -0.0200502814076
0 86 168 0.111661017185
0 7 116 0.157783076929
0 44 155 0.249210973606
0 3 12 0.00180284323108
0 37 150 0.205784231422
0 47 133 0.240258104817
0 157 161 0.115532578137
0 83 85 0.118529920539
0 18 55 0.00742784266682
0 92 94 0.0706444368965
0 17 25 0.231190789329
0 103 126 0.0474864436481
0 91 131 0.0728189980717
0 68 139 0.239800011955
0 124 150 -0.0357836364086
0 19 170 0.239647336286
0 11 145 0.346140970742
0 13 55 0.0882793831273
0 50 139 0.212411780948
0 31 176 0.18854454874
0 139 167 0.105458813811
0 152 160 -0.0564527688828
0 28 131 0.146050217375
0 155 158 0.0159384664003
0 147 184 0.0592746302521
0 76 95 -0.0440899878733
0 77 79 0.0614459322938
0 26 159 0.222084943219
0 137 153 -0.00778843179774
0 25 76 0.196400506519
0 83 127 0.20774049125
0 11 32 0.09853647027
0 13 189 0.164591427104
0 96 140 0.0899512043304
0 13 122 0.225722854245
0 84 103 0.0305135410395
0 31 122 0.193180463399
0 49 97 0.151653201633
0 39 163 0.163480353966
0 65 67 0.175501727077
0 24 184 0.145019091298
0 16 77 0.0826859432587
0 94 165 0.0195452879574
0 74 176 0.151358075035
0 20 74 0.204205309169
0 91 163 0.106042198795
0 28 93 0.120504935153
0 16 50 0.000432681933686
0 74 80 -0.00656243645479
0 9 181 0.13670743831
0 45 133 0.135752454613
0 84 176 0.0947514224855
0 37 134 0.170004455816
0 69 169 0.134063469639
0 25 69 0.103417526814
0 156 188 0.120212281721
0 102 148 0.0814517354684
0 45 47 -0.19467766177
0 35 137 0.297509172494
0 117 159 0.0602878338261
0 58 83 0.000360568271197
0 114 174 -0.00100959145862
0 121 137 0.0219260629311
0 7 97 0.19819948587
0 150 188 0.110565902317
0 143 183 -0.0529086204728
0 7 136 0.240334463243
0 16 31 0.0592022632441
0 125 185 0.0404778508608
0 115 148 0.0748492085269
0 80 166 0.172677512832
0 93 117 0.0935145951267
0 2 21 0.163850667096
0 2 121 0.292715871856
0 22 81 0.155344514165
0 92 104 0.0910417921592
0 0 43 -0.0317406614468
0 141 144 -0.00173072935483
0 30 41 -0.210602466891
0 46 137 0.179519867966
0 26 48 0.218679648027
0 68 117 0.184140380672
0 20 136 0.304368630927
0 32 170 0.267623360255
0 0 92 0.0440899878733
0 71 152 0.200750212297
0 13 50 0.00144227402233
0 183 187 0.14023569355
0 134 185 0.0676011668088
0 52 61 -0.025894586894
0 90 123 0.0600707084372
0 140 144 -0.0513901113152
0 71 107 0.144945451177
0 1 107 0.121017128124
0 18 53 -0.0613735463488
0 64 98 0.114874903312
0 27 33 0.0124763089494
0 57 179 0.104729683093
0 48 107 0.0373000464415
0 52 109 0.113705947505
0 81 176 0.103709086276
0 99 136 0.0486429298149
0 149 169 -0.0696298711451
0 71 97 0.178775338711
0 5 69 0.225571157897
0 172 178 -0.0027403256017
0 27 132 0.131054548666
0 75 140 0.102324334442
0 131 185 0.0755019061891
0 1 112 0.179296488549
0 7 134 0.158966078912
0 3 114 0.103417526814
0 2 39 0.195426583894
0 135 188 0.0938783380989
0 39 189 0.0392499694391
0 61 168 0.111514986515
0 5 135 0.304052647835
0 91 151 0.126802039574
0 47 49 0.166518243323
0 93 186 0.0521854908999
0 48 58 -0.0524024240121
0 35 54 0.29232356046
0 133 175 0.0183189162784
0 22 55 0.0625317990726
0 177 184 0.103490415035
0 174 184 0.0699921995196
0 64 177 0.119627036278
0 29 59 0.0835572998839
0 87 167 0.127901383078
0 12 52 0.0196174292626
0 95 138 0.118091153901
0 46 135 0.181307543521
0 34 157 0.214599866141
0 24 127 0.147450096603
0 106 140 0.0920598689714
0 169 170 0.182127277403
0 16 157 0.2332447553
0 111 113 -0.0432229736711
0 96 146 0.121163480568
0 107 122 0.122114897652
0 31 115 0.199549551292
0 15 133 0.137221762853
0 44 168 0.200675154284
0 28 54 0.132962367778
0 67 183 0.0815969234622
0 123 142 0.040405619201
0 10 84 0.224812829123
0 90 166 0.117579316673
0 57 64 -0.0749942469314
0 85 108 0.131347997221
0 40 166 0.202026540808
0 2 76 0.263679851871
0 37 91 0.139573884015
0 35 83 0.209095742963
0 119 146 0.121017128124
0 59 103 0.260438270085
0 7 45 0.11882245686
0 27 135 0.120139121566
0 14 88 0.332817305247
0 63 102 0.100939973556
0 83 155 0.17015289553
0 85 188 0.135752454613
0 50 78 0.156674410287
0 82 89 -0.0598535887052
0 34 63 0.156970017263
0 7 33 0.169559181168
0 16 59 -0.0376611214624
0 37 126 0.221403481064
0 0 62 -0.0634730026634
0 116 185 0.0871893306451
0 2 27 0.244538440454
0 38 112 0.333219361214
0 73 116 0.040405619201
0 61 176 0.177361272532
0 55 186 0.0975899486503
0 18 31 -0.0528363050402
0 22 127 0.212034727888
0 109 142 0.0768800350402
0 38 101 0.260438270085
0 52 155 0.135752454613
0 93 136 0.101595675063
0 15 182 0.111514986515
0 52 65 -0.128194593175
0 80 155 0.160741410622
0 104 111 0.035422610906
0 25 93 0.102615828472
0 32 132 0.288796676728
0 72 143 0.109398070777
0 67 97 0.136854380833
0 2 28 0.237206010848
0 50 87 0.124897231208
0 86 167 0.20555860932
0 100 102 -0.00901445055371
0 3 166 0.161851502619
0 92 182 0.128341206442
0 125 158 0.0204831410649
0 95 109 0.0983180266442
0 5 166 0.333058526364
0 118 120 0.0220703600395
0 1 150 0.201801259285
0 72 138 0.0742690862781
0 156 168 -0.0306579033067
0 2 60 0.217999190061
0 39 88 0.0770251181006
0 30 148 0.165184163992
0 19 190 0.188768681338
0 50 104 0.170078674745
0 17 139 0.365078096503
0 18 51 0.0302248203132
0 83 174 0.126508932895
0 53 64 0.0909690796129
0 90 150 0.0657902935287
0 130 155 0.0581168320168
0 10 164 0.245303707248
0 53 121 0.209848987544
0 50 107 0.119992805097
0 117 149 0.123286174773
0 129 180 -0.0489320715517
0 7 129 0.234310535177
0 19 78 0.143178554663
0 146 148 -0.103417526814
0 51 83 -0.0586957114867
0 124 177 -0.0540657431021
0 13 116 0.180711524839
0 23 44 0.102980220453
0 0 168 0.118091153901
0 115 146 0.115824909967
0 8 78 0.335070160021
0 49 99 0.101304241456
0 68 99 0.166814785009
90 53 169 -0.0481369513011
90 92 187 0.206385991445
90 102 126 -0.00836537865895
90 39 92 -0.256740144149
90 63 104 0.1039277674
90 64 170 0.195950958166
90 57 187 -0.176914871373
90 67 159 0.136780908838
90 99 125 0.08820670648
90 63 88 -0.114947973396
90 171 172 0.20631076339
90 42 185 -0.0803629342964
90 38 147 0.124238085173
90 15 79 0.130247680689
90 59 113 -0.197899568327
90 126 147 -0.0410557194001
90 45 81 0.15527064707
90 38 133 0.0533425247051
90 89 166 0.0617354825127
90 47 161 0.114144269504
90 133 134 -0.110784904079
90 79 115 -0.232407721917
90 104 134 -0.122773699805
90 7 43 -0.165258264183
90 90 104 0.0931508768265
90 133 144 0.0406223154476
90 62 180 0.0678185011211
90 63 104 0.0826133358792
90 81 102 0.0378777711805
90 52 149 0.0802903543397
90 93 190 -0.117871787563
90 116 165 0.203153252438
90 117 134 0.0334732302898
90 10 142 -0.196775190021
90 3 57 0.0318850347648
90 93 135 0.063400598421
90 20 75 0.241250979144
90 59 160 -0.0867533676588
90 113 167 -0.096352452302
90 109 142 -0.142148275622
90 143 175 0.346465423703
90 131 169 0.0483537962047
90 63 141 -0.0359280492151
90 131 143 -0.298689882496
90 48 54 0.0839204024337
90 137 154 0.257125043495
90 76 176 0.0195452879574
90 127 165 -0.163850667096
90 113 185 0.037444475278
90 2 86 -0.211356181968
90 67 76 0.216865534612
90 66 170 0.162369680753
90 101 124 -0.0287091180244
90 72 77 0.0598535887052
90 7 139 -0.209547661594
90 116 149 0.314591156755
90 22 117 0.120797609129
90 16 117 -0.0283482562238
90 114 144 0.0894423365204
90 2 21 -0.198949433862
90 26 139 -0.193779239735
90 63 68 -0.277090188262
90 81 97 0.0320294094116
90 25 55 0.00706725546745
90 42 136 -0.0269770478943
90 1 133 -0.130834476979
90 57 179 0.0126926841672
90 162 165 -0.0533425247051
90 85 179 0.0813791427568
90 59 160 -0.082322915044
90 126 182 -0.114290386534
90 103 181 -0.0778231329479
90 6 93 -0.115240265964
90 34 70 -0.20789103754
90 138 187 -0.0997744951765
90 105 187 -0.157117830952
90 125 132 -0.094169350307
90 3 34 0.022431106844
90 21 151 0.174535238824
90 130 134 -0.162443713251
90 24 107 -0.0451738489414
90 27 165 -0.139426831745
90 132 184 -0.109106159449
90 12 68 -0.240410824419
90 55 95 -0.358029653615
90 37 113 -0.18332005022
90 33 93 -0.09853647027
90 101 117 -0.132448630073
90 124 126 -0.0352782032946
90 76 153 -0.03917774484
90 21 163 -0.0372278326069
90 54 141 -0.148924273895
90 120 136 -0.0858815401939
90 110 153 0.158004856342
90 119 147 0.332656511925
90 114 163 -0.100284358541
90 93 165 0.00519222953925
90 112 158 0.0381666430033
90 106 127 0.0868260258678
90 78 170 0.111003916425
90 0 83 -0.0393221944474
90 23 50 0.304447635912
90 0 24 0.0689052690551
90 20 167 -0.0670940781742
90 130 133 -0.0979539747073
90 36 74 0.0850824794409
90 30 38 -0.122700494339
90 139 143 -0.275612698402
90 59 129 0.0367945577227
90 133 162 -0.0625317990726
90 118 180 0.168965585187
90 8 98 0.0316684752842
90 35 183 -0.0892969542139
90 9 109 -0.0649936464624
90 15 179 0.101304241456
90 36 128 0.0683980906183
90 20 120 0.203754373247
90 84 184 -0.102324334442
90 133 164 -0.221554899592
90 36 139 -0.126948601038
90 100 125 0.115240265964
90 47 71 -0.00129804644909
90 60 75 0.0594193661294
90 170 189 -0.193928955249
90 12 65 -0.175873539667
90 12 92 -0.225116130072
90 14 183 -0.00209129893109
90 19 99 0.172009020923
90 73 141 -0.119407590283
90 86 171 0.126215847836
90 37 138 -0.0550783439607
90 58 98 0.0735440035832
90 82 183 -0.0937328379431
90 40 164 -0.190562419041
90 113 146 0.265457297654
90 106 145 0.0365779254689
90 79 81 -0.0231526180593
90 71 132 0.312128836794
90 44 61 0.211054667588
90 13 114 -0.057248585634
90 154 167 -0.319048621849
90 10 51 0.0348449892606
90 157 176 0.130174337432
90 65 82 0.228531087898
90 18 98 0.146713246883
90 85 181 0.0227918594859
90 80 103 -0.00418261615507
90 145 174 -0.0720940689693
90 80 181 -0.0731814912279
90 109 120 0.0710068168899
90 95 185 0.169781810156
90 138 179 0.0810887804602
90 51 172 0.0483537962047
90 32 179 -0.0928599198839
90 131 179 0.021132444992
90 121 187 -0.206611689434
90 10 113 -0.231418912843
90 108 174 0.0339786002494
90 66 159 0.0274100498502
90 27 94 -0.230126525065
90 131 140 -0.25304887759
90 111 183 -0.0265440560517
90 71 112 0.259436010167
90 51 187 -0.176468539985
90 28 99 -0.0788389314284
90 107 156 0.0116108195571
90 128 143 -0.327760234787
90 80 106 -0.0326791119275
90 57 172 0.0709343394048
90 101 103 -0.045318371709
90 91 115 -0.00670667010586
90 23 140 0.0193288652594
90 73 168 -0.105677574778
90 100 150 -0.0310188145769
90 62 169 0.171340681217
90 163 185 -0.0155056775262
90 91 99 0.221176371999
90 119 133 0.328882621857
90 172 181 -0.082976381483
90 58 111 -0.0736165083667
90 20 36 0.228531087898
90 142 190 -0.0118271902239
90 10 56 0.0706444368965
90 16 37 0.154384372797
90 140 169 0.294207455665
90 64 92 -0.261363887451
90 90 122 0.15194835445
90 10 166 -0.179222032679
90 58 185 -0.157413478768
90 78 126 0.0128369349714
90 86 181 0.103854872592
90 1 61 -0.0926417124674
90 1 101 0.0241627744207
90 89 111 0.20683740818
90 164 167 -0.093441849496
90 150 168 -0.1003572004
90 114 159 0.0311631813416
90 132 162 -0.110565902317
90 13 111 -0.0163712612448
90 16 82 0.133476175266
90 68 167 -0.0368667692401
90 77 140 -0.26337089733
90 84 102 0.0811613697534
90 83 125 0.138912195935
90 143 144 0.280204561977
90 83 97 0.0702820754254
90 82 164 -0.251512845903
90 37 154 0.0993375105936
90 103 135 -0.0986092868939
90 72 177 -0.00627396996577
90 68 91 0.209773652538
90 78 94 -0.258511299503
90 79 138 -0.099410338727
90 48 50 0.123432608015
90 7 141 -0.136193185635
90 42 88 -0.0316684752842
90 85 132 0.0788389314284
90 31 69 -0.177882162327
90 46 99 0.199849663185
90 133 156 0.0398277810293
90 105 149 0.104000663308
90 38 64 -0.0253894593429
90 123 188 -0.242932292745
90 25 41 -0.184811742415
90 36 129 0.0560910576681
90 56 129 -0.0476309974145
90 114 126 0.152612544438
90 130 144 -0.0186074692272
90 178 185 -0.174683908271
90 37 108 0.0414169011295
90 5 77 -0.0261110741595
90 33 37 -0.0587680741753
90 19 53 0.205934657633
90 37 190 -0.130761122551
90 13 72 0.0571762356785
90 112 174 0.150841666415
90 138 146 0.163480353966
90 162 181 0.0665870239906
90 22 154 0.190039120867
90 9 80 0.031524103948
90 114 178 0.108449426595
90 46 68 -0.141265417903
90 74 176 -0.0388888505213
90 169 183 -0.140015076839
90 54 102 0.0130533121812
90 44 80 0.2437734544
90 52 129 -0.0552953444694
90 85 106 0.120139121566
90 107 176 0.129734307104
90 89 151 0.27740138894
90 94 140 -0.119115013424
90 79 125 0.0958429806946
90 22 166 -0.0121878104726
90 41 153 0.193779239735
90 98 139 -0.165999365158
90 79 120 -0.0255337801673
90 67 122 0.199474528864
90 3 42 -0.0616630939906
90 47 177 0.261286735962
90 81 111 -0.0978811674287
90 69 92 -0.201200607285
90 138 157 0.0807258467687
90 56 136 -0.141927540609
90 75 167 -0.268707310941
90 99 107 -0.0475587202831
90 69 147 0.131494729931
90 84 176 0.0932963611923
90 18 67 -0.0862447857352
90 108 148 0.0949697160361
90 47 74 0.290990355198
90 55 160 -0.160741410622
90 69 168 0.088715462572
90 56 90 -0.109471051509
90 121 179 -0.0406223154476
90 88 177 0.136266645914
90 94 155 0.160149522293
90 58 191 -0.266617384414
90 77 89 -0.22200921519
90 87 178 0.0682531889577
90 36 186 -0.0765898786036
90 57 168 -0.00663455324582
90 15 63 0.048209232432
90 40 145 0.173197556625
90 12 69 -0.0412001908019
90 39 146 0.154679770753
90 177 190 -0.160963397515
90 167 174 0.27468015168
90 1 100 -0.00757207808215
90 97 164 -0.249671140371
90 61 128 0.116482728729
90 67 146 0.20555860932
90 55 109 -0.133990052823
90 13 109 -0.00425473108964
90 0 14 -0.0597812167148
90 39 54 0.145387315346
90 84 170 0.141044737703
90 28 156 -0.107063295822
90 59 180 -0.0237298443489
90 7 29 0.114363446871
90 31 181 -0.107573927619
90 66 153 0.124823987438
90 61 134 -0.0761546680654
90 63 183 -0.00699513825111
90 133 188 -0.219662883966
90 35 74 0.09853647027
90 51 52 0.13847113772
90 8 62 -0.16963338898
90 2 91 -0.216185604872
90 155 166 -0.169781810156
90 114 157 0.0495103796004
90 9 168 -0.00562492410992
90 55 120 -0.0245957135485
90 42 91 -0.12892771445
90 35 111 -0.0567421484749
90 9 164 -0.219965502135
90 37 159 -0.00728360756054
90 25 30 -0.058189189815
90 16 158 0.0160827306771
90 144 146 0.157413478768
90 95 119 -0.00223552690861
90 3 110 -0.138103630104
90 8 49 -0.0237298443489
90 42 125 0.152243533541
90 30 164 -0.264143375974
90 16 98 0.139353307857
90 40 148 0.175947907958
90 54 73 0.00230764093187
90 87 136 -0.0872619943526
90 146 186 -0.174460906964
90 23 182 0.172826087324
90 3 121 0.0623146140164
90 172 187 -0.199549551292
90 63 156 0.0448125502592
90 127 150 -0.0471250678945
90 22 83 0.130687769523
90 8 78 -0.0579721182434
90 17 80 0.184587936893
90 5 70 -0.249364351029
90 150 154 0.00237975497913
90 89 187 0.0824681237266
90 22 80 0.184140380672
90 27 62 -0.143988271361
90 55 64 -0.154679770753
90 118 163 0.0493657995012
90 37 106 0.0708618626637
90 158 179 0.116190352479
90 8 152 -0.00879809243854
90 25 50 0.094169350307
90 45 54 0.188021645437
90 101 145 -0.00887021171775
90 109 136 -0.080435515098
90 68 153 0.286605699661
90 10 86 -0.160371467356
90 10 37 -0.0246678709617
90 6 9 0.00209129893109
90 3 159 -0.0852277551228
90 115 136 0.104656776136
90 21 180 0.0717316328296
90 65 113 -0.00786054986397
90 31 174 -0.0635454075704
90 66 85 0.0462578160841
90 46 76 0.240105396212
90 34 93 -0.12511697052
90 43 169 0.190562419041
90 118 188 -0.0952607881449
90 55 114 -0.138765170572
90 7 17 -0.190487655851
90 17 171 0.139353307857
90 77 189 -0.150767900279
90 157 188 -0.213015189683
90 69 187 -0.0340507973682
90 83 109 -0.0409834843419
90 123 181 -0.0694849449112
90 62 93 -0.0092308095128
90 117 156 0.0970803554597
90 38 188 -0.141486111772
90 42 126 0.137442209729
90 57 174 0.00591338831717
90 70 156 0.177956582947
90 54 122 0.0778956846424
90 62 170 0.197749622737
90 94 132 0.207815763234
90 47 133 0.235986389933
90 17 88 0.0676011668088
90 9 16 -0.078331012023
90 108 128 0.0821777098252
90 27 94 -0.230658593017
90 133 158 -0.0525470488232
90 13 179 0.0665870239906
90 23 155 0.232940342437
90 44 117 0.135164894746
90 62 142 -0.0756469588145
90 80 134 -0.147081651921
90 37 93 -0.0743415988226
90 116 174 0.291147150577
90 63 113 -0.159631711273
90 42 175 0.150767900279
90 70 102 0.231647060025
90 30 157 -0.079564601069
90 161 170 0.20247716458
180 13 40 0.0450293280595
180 71 181 -0.226709129887
180 6 121 -0.0796371726198
180 117 185 -0.278568858789
180 108 109 -0.0488597853529
180 61 109 -0.114874903312
180 47 167 -0.250591784981
180 87 138 -0.117286865805
180 84 85 0.000288454612457
180 101 158 -0.200975399734
180 88 182 -0.345249086194
180 21 156 -0.0537041268879
180 11 52 -0.0268327161644
180 70 110 -0.181456568087
180 170 173 0.0142073451035
180 49 92 -0.0634730026634
180 35 96 -0.0919144178241
180 80 145 -0.110200922842
180 137 145 0.0826859432587
180 53 129 -0.119188155734
180 58 99 -0.0640522605931
180 36 108 -0.0318128479401
180 65 156 -0.120504935153
180 35 169 -0.166888924971
180 144 175 -0.126582207536
180 77 157 -0.140088614237
180 63 161 -0.288953278151
180 59 96 -0.0558016992571
180 76 81 0.00137016022859
180 65 158 -0.291147150577
180 28 169 -0.252664760305
180 81 123 -0.0882793831273
180 57 131 -0.242626499415
180 45 114 0.0144958591266
180 123 135 0.00324512569139
180 80 147 -0.061518318882
180 16 191 -0.286996748599
180 2 115 -0.134504000735
180 151 191 -0.157339564257
180 3 46 0.101668536151
180 58 115 -0.0932236185175
180 67 95 -0.0461132809108
180 135 138 -0.0329678774213
180 92 119 -0.146418551323
180 11 162 -0.120139121566
180 58 127 -0.153055411969
180 48 134 -0.211808524568
180 79 101 -0.111368960581
180 24 143 -0.143546584528
180 111 127 -0.118603052725
180 53 90 -0.082976381483
180 111 163 -0.148113397272
180 129 168 -0.06057734318
180 39 86 -0.0726015113532
180 115 124 -0.0724565240177
180 3 47 0.105021322023
180 67 133 -0.185483268926
180 31 109 -0.127021883804
180 68 148 -0.164887781195
180 140 182 -0.15563999937
180 21 106 -0.0510285966755
180 51 85 -0.0453906338019
180 113 172 -0.0461132809108
180 3 191 -0.234691297455
180 73 155 -0.283090080638
180 31 131 -0.242473619441
180 0 154 -0.1039277674
180 99 166 -0.114071212809
180 80 149 -0.21837719769
180 89 155 -0.22860703511
180 19 118 -0.115313342167
180 4 131 -0.252664760305
180 119 175 -0.0911872201326
180 5 13 -0.112172161924
180 40 135 -0.121017128124
180 166 177 0.0574656390958
180 58 84 -0.0268327161644
180 120 163 -0.082250312002
180 42 176 -0.308719413888
180 18 183 -0.0726740061633
180 9 159 -0.0679633942152
180 72 109 -0.0692675610224
180 90 174 -0.111368960581
180 60 64 0.0419948143998
180 131 149 -0.0623870083818
180 34 64 -0.0117550665463
180 28 154 -0.231875230902
180 17 130 -0.159483780869
180 15 47 0.099410338727
180 132 175 -0.15719174035
180 18 115 -0.0110338363721
180 14 186 -0.127461608925
180 65 163 -0.14060341822
180 141 186 -0.00598550452087
180 35 145 -0.15527064707
180 0 171 -0.05189625438
180 10 116 -0.126582207536
180 19 38 0.0117550665463
180 115 135 -0.0290699873001
180 149 181 0.104438061912
180 90 174 -0.112318213987
180 6 40 0.0683980906183
180 104 123 0.0516070265352
180 25 191 -0.29153919997
180 138 140 -0.135385218804
180 123 188 -0.215732427741
180 167 189 0.105969271748
180 27 151 -0.171117935025
180 92 152 -0.224433760127
180 103 139 -0.0752843331947
180 171 175 -0.129001034146
180 36 136 -0.132668794849
180 34 107 -0.1560093938
180 64 99 -0.0724565240177
180 50 166 -0.183096366119
180 130 154 -0.106188056263
180 0 186 -0.0794920303544
180 141 171 -0.0212767371538
180 18 67 0.0904601186046
180 116 188 -0.248980929008
180 88 141 -0.0962796675969
180 181 182 -0.31522719313
180 38 139 -0.138103630104
180 57 178 -0.246452136128
180 26 102 -0.124457788557
180 20 44 0.0677460556406
180 22 106 -0.135385218804
180 106 124 -0.07673495521
180 88 104 -0.134357151279
180 55 77 -0.0432952223563
180 139 155 -0.242932292745
180 93 155 -0.229062772853
180 22 167 -0.223524253081
180 132 178 -0.169856023523
180 127 147 0.0237298443489
180 108 177 -0.10188712587
180 65 122 -0.172974669372
180 114 116 -0.0887881457469
180 30 62 -0.00721149012141
180 32 156 -0.137515694971
180 15 149 -0.220041162871
180 27 166 -0.152243533541
180 78 100 -0.0699921995196
180 1 189 -0.160371467356
180 16 25 0.0084374974003
180 8 68 -0.0371556191604
180 66 78 -0.0312353652106
180 75 174 -0.115751825164
180 159 174 0.00266821142318
180 152 185 -0.0465468922307
180 61 109 -0.112172161924
180 37 134 -0.238807815841
180 6 90 0.0121878104726
180 52 190 -0.219209030929
180 34 178 -0.23453898453
180 55 148 -0.19093626658
180 101 139 -0.000288454612457
180 10 33 -0.034195192671
180 17 187 -0.198574432307
180 37 94 -0.0361446712355
180 20 106 -0.159261898237
180 107 109 0.104292257961
180 174 188 -0.225950417925
180 49 152 -0.299477471928
180 92 98 -0.0874073245259
180 124 135 0.0558740379829
180 61 157 -0.228834892302
180 25 144 -0.173123258982
180 38 179 -0.306740389636
180 29 129 -0.126435659605
180 93 97 -0.041272427147
180 135 167 -0.192656646335
180 24 98 -0.0727465017358
180 88 98 -0.0845740427263
180 159 191 -0.224282150295
180 74 129 -0.0759370736035
180 19 157 -0.220268159959
180 30 142 -0.12065126957
180 91 97 -0.0847919388187
180 129 174 -0.0617354825127
180 22 136 -0.137295243671
180 97 178 -0.155049055868
180 106 139 -0.0478478317956
180 45 82 -0.0308744491047
180 114 156 -0.0633281948425
180 63 78 -0.0231526180593
180 122 191 -0.10582342102
180 110 174 0.0245235563914
180 22 94 0.00129804644909
180 18 107 -0.13054106766
180 6 101 -0.0599983345657
180 15 80 -0.0238019987389
180 33 177 -0.143988271361
180 51 70 0.0430784776529
180 155 172 0.176468539985
180 127 157 -0.0574656390958
180 75 118 -0.0589851659329
180 73 155 -0.295857530499
180 4 104 -0.128267899123
180 28 141 -0.147450096603
180 49 72 -0.0924235138475
180 9 13 0.100284358541
180 32 113 -0.178552018207
180 82 161 -0.271885298761
180 43 166 -0.230050525816
180 121 167 -0.147081651921
180 80 96 -0.0220703600395
180 23 44 0.0280595721022
180 40 86 -0.114728766806
180 19 51 -0.0530532529973
180 41 185 -0.324717761941
180 103 116 -0.0592746302521
180 34 47 0.110930911132
180 25 148 -0.174014955855
180 170 176 -0.0131975643322
180 39 117 -0.101522815051
180 80 93 0.00749996033548
180 11 99 -0.0753568567347
180 58 163 -0.183394615618
180 42 108 -0.0427894910034
180 139 176 -0.262521525509
180 34 138 -0.129660973578
180 34 168 -0.141338981006
180 81 104 -0.147744880964
180 136 175 -0.0757920146173
180 107 141 0.0352060000408
180 87 110 -0.171489188032
180 127 151 -0.0954791027853
180 172 175 0.00670667010586
180 8 67 -0.0612287763851
180 119 178 -0.0986092868939
180 70 74 -0.0453906338019
180 27 97 -0.0505224985463
180 5 28 -0.0897331124524
180 63 133 -0.178031005518
180 3 153 -0.0651384852268
180 47 74 -0.114509571192
180 80 155 -0.265921248416
180 76 150 -0.100721425636
180 46 109 -0.131274632976
180 22 188 -0.290755188219
180 13 68 0.0367223465889
180 110 155 -0.185781778216
180 7 123 -0.0953335586848
180 41 64 -0.0577550521288
180 9 52 0.0538487716845
180 93 185 -0.304921743308
180 89 136 -0.0951880186109
180 54 86 -0.0926417124674
180 91 92 0.00858173514704
180 38 179 -0.314909144107
180 35 121 -0.0997016617796
180 21 112 -0.0246678709617
180 1 110 -0.171711962302
180 43 170 -0.308402612801
180 12 23 0.125483229431
180 1 36 -0.0571038863208
180 127 136 0.00598550452087
180 12 66 0.0362890877982
180 86 160 -0.105604653337
180 98 140 -0.104510965546
180 60 170 -0.281919724759
180 35 169 -0.148334526223
180 83 129 -0.00858173514704
180 37 101 -0.131347997221
180 3 115 -0.0421392970829
180 70 107 -0.182201810655
180 5 166 -0.211431566479
180 16 56 -0.0193288652594
180 33 153 -0.113632898072
180 35 113 -0.149071726867
180 11 127 -0.112756398836
180 13 87 0.00555280820625
180 27 73 0.00656243645479
180 100 163 -0.114874903312
180 12 178 -0.195351681953
180 2 179 -0.31355812279
180 32 155 -0.255893627383
180 41 42 -0.0576826979664
180 143 155 -0.12379871418
180 11 20 0.0336176199515
180 25 42 -0.0618802614962
180 120 181 -0.138912195935
180 97 154 -0.112318213987
180 145 188 -0.197299838603
180 85 133 -0.15630493975
180 44 114 -0.124164853365
180 24 100 -0.0116108195571
180 133 148 -0.0303691800436
180 33 39 0.0136303241044
180 84 132 -0.103563304352
180 14 33 -0.0569591893963
180 121 136 -0.0126926841672
180 40 174 -0.163480353966
180 62 95 -0.0524024240121
180 35 55 -0.0413446639226
180 107 162 0.0360002561798
180 88 174 -0.107865742293
180 67 174 -0.131568098396
180 58 188 -0.313319822424
180 4 185 -0.295071585816
180 32 77 -0.0821051085127
180 17 57 -0.0650660655038
180 56 153 -0.111734034299
180 53 107 -0.180488050597
180 0 191 -0.199699602801
180 82 111 -0.0149286347009
180 28 165 -0.157487394985
180 19 117 -0.101012824997
180 132 187 -0.14951412442
180 100 153 -0.0532702059439
180 13 123 -0.0876979959276
180 95 128 -0.18227634591
180 15 34 0.0590575310852
180 60 160 -0.202552276425
180 125 137 -0.0099520123983
180 69 170 -0.244232412402
180 40 79 -0.0501610157292
180 108 168 -0.0847193058964
180 15 183 -0.104510965546
180 119 185 -0.21392058954
180 8 140 -0.211883923301
180 20 136 -0.164443260806
180 145 162 0.0802177752271
180 124 161 -0.231494959273
180 96 126 -0.00771631381253
180 29 82 -0.123212960124
180 66 75 -0.0248121865593
180 112 188 -0.265379983387
180 58 138 -0.0970075605415
180 105 119 -0.0452461100891
180 55 88 -0.0542827196053
180 36 180 -0.149219186274
180 43 103 -0.13670743831
180 85 124 -0.0968619737789
180 117 127 -0.0684705425237
180 13 178 -0.22944262575
180 108 160 -0.156526616986
180 54 95 -0.0177418194833
180 112 184 -0.177807743657
180 40 53 0.00151438783108
180 172 189 0.0923507829254
180 2 69 -0.132962367778
180 81 171 -0.140897625152
180 11 60 -0.0445957766677
180 43 154 -0.250745266175
180 77 92 -0.0148565050545
180 5 103 -0.137736159553
180 138 167 -0.197674653234
180 22 84 -0.0639074421015
180 0 177 -0.0676011668088
180 15 45 -0.000937477739123
180 105 183 -0.0866080539812
180 4 5 0.159927592873
180 34 149 -0.272661229289
180 62 109 -0.0694849449112
180 47 185 -0.317455270027
180 141 149 -0.150620372892
180 109 112 0.00987989165627
180 56 84 -0.0352060000408
180 50 166 -0.177286867485
180 22 142 -0.103271753656
180 102 115 -0.021637471447
180 39 159 -0.111514986515
180 109 167 -0.185632519483
180 101 170 -0.228910849889
180 159 171 -0.000288454612457
180 21 51 0.0305857220138
180 10 31 0.050016426275
180 67 71 0.0673113976409
180 77 190 -0.141191856318
180 52 77 -0.0789840587035
180 111 125 -0.161925522785
180 51 104 -0.135825906139
180 136 189 -0.0222146580668
180 147 191 -0.199699602801
180 46 115 -0.0699921995196
180 56 117 -0.0832668336747
180 16 133 -0.158522401633
180 1 42 -0.0570315375604
180 56 154 -0.188918113483
180 45 114 0.00822114143656
180 101 189 -0.0235133826582
180 95 183 -0.090605531255
180 56 115 -0.0874073245259
180 55 149 -0.277790463486
180 39 89 -0.0451015882651
180 90 97 -0.0475587202831
180 6 147 -0.087116667856
180 45 176 -0.281139905525
180 72 142 -0.0954791027853
180 66 184 -0.214750842968
180 88 172 -0.163998804815
180 125 186 0.0567421484749
180 65 128 -0.20187635088
180 120 155 -0.235376838079
180 96 151 -0.094169350307
180 113 142 0.00649031973202
180 2 160 -0.220041162871
180 42 95 -0.0220703600395
270 76 104 -0.0670216397592
270 63 184 0.0360724635196
270 36 79 -0.163850667096
270 11 68 0.165925246942
270 85 149 -0.262135569862
270 100 116 0.187349490445
270 0 169 -0.0665145904755
270 50 136 0.347520380943
270 6 82 0.0271935475979
270 48 158 0.0790566235857
270 151 165 0.0815243290367
270 39 153 -0.0708618626637
270 116 121 -0.192058126098
270 30 155 -0.0128369349714
270 7 83 -0.0206274293149
270 7 145 -0.0753568567347
270 52 91 0.225116130072
270 50 117 0.272040459276
270 105 118 0.0354948152651
270 144 155 0.0356392250939
270 17 183 -0.0755019061891
270 88 125 -0.312128836794
270 65 89 -0.00605762078683
270 100 172 0.0226475577227
270 183 184 0.138985710854
270 10 61 0.10669859289
270 29 82 0.226102139828
270 76 104 -0.075574432105
270 4 46 0.219814188098
270 9 76 -0.149071726867
270 44 73 -0.243467538351
270 59 84 0.168372107136
270 37 114 0.00721149012141
270 58 78 -0.0261832371241
270 9 76 -0.14075051866
270 3 139 0.180264594187
270 32 145 0.0161548630661
270 166 191 0.152907782848
270 17 148 -0.191160600411
270 70 168 -0.149292918392
270 48 157 0.124823987438
270 23 73 -0.244308915208
270 52 154 0.130100995567
270 34 60 0.0922780529775
270 96 163 0.180413563146
270 55 85 0.14597655531
270 54 82 -0.0125484338912
270 1 55 0.116555825887
270 155 161 0.177956582947
270 13 119 0.0673838388728
270 7 158 0.0901693047427
270 101 109 0.337165036624
270 47 58 -0.137662669881
270 5 98 -0.0805806792389
270 44 146 -0.300028999237
270 93 158 -0.00129804644909
270 72 181 0.129367653332
270 78 98 -0.325117754502
270 120 123 0.0741965745133
270 9 131 -0.0589851659329
270 106 117 0.061590706114
270 3 24 0.0492935102252
270 95 115 -0.0689777260008
270 85 140 0.105458813811
270 1 66 0.208869815224
270 139 174 -0.133549582049
270 4 18 0.124677503894
270 89 158 -0.071369215502
270 9 20 0.137736159553
270 115 182 -0.0529086204728
270 39 179 -0.102397206323
270 12 48 -0.0715866636465
270 9 92 0.105750497339
270 34 78 -0.0306579033067
270 67 128 -0.255662821504
270 31 68 0.143841036226
270 2 5 0.161259404512
270 11 60 0.111807052599
270 21 38 0.00591338831717
270 53 188 0.310938708346
270 9 183 0.0414891387683
270 81 121 -0.195201884563
270 6 33 0.137074805633
270 18 36 0.0464023531887
270 20 151 -0.193404988469
270 158 176 -0.187872263169
270 47 119 -0.0084374974003
270 154 161 0.137074805633
270 116 161 -0.0446680340651
270 113 148 -0.14097118067
270 0 143 0.167927075715
270 66 167 0.0926417124674
270 68 187 -0.0554400143642
270 85 129 -0.0252451395759
270 118 165 -0.0765173415074
270 50 88 0.359829473135
270 70 110 -0.103417526814
270 16 143 0.0786212467277
270 8 154 0.139426831745
270 85 115 0.0678909473124
270 86 172 -0.108887238109
270 67 100 -0.227316284242
270 9 71 0.0950424825573
270 117 152 -0.160741410622
270 28 117 0.131274632976
270 47 165 -0.12577626067
270 7 86 0.0610116262437
270 2 105 0.255047469406
270 6 112 0.105021322023
270 44 110 -0.159483780869
270 22 91 0.0284926000531
270 71 144 -0.15630493975
270 37 94 0.0242349303087
270 48 96 -0.000432681933686
270 29 121 0.113413757016
270 26 129 0.26221275488
270 91 183 -0.0593469978803
270 99 164 0.170301342671
270 136 152 -0.224509568848
270 27 64 0.141044737703
270 24 71 0.132081717136
270 121 149 -0.09853647027
270 53 57 0.295228746381
270 61 133 0.00252398314865
270 59 95 0.14575557855
270 39 142 0.0379499885419
270 97 186 0.205333007854
270 1 154 0.124457788557
270 82 189 0.0528363050402
270 176 182 0.216789977124
270 24 96 0.00620185350853
270 169 181 0.259898528202
270 40 169 -0.206009874185
270 27 57 0.119334444163
270 48 120 0.00901445055371
270 44 103 -0.195950958166
270 49 65 0.201125535865
270 7 130 0.0630385871514
270 23 156 -0.129807642018
270 39 148 -0.175947907958
270 18 21 -0.0707169114103
270 139 161 0.0206995737615
270 138 160 0.0334732302898
270 13 69 -0.00735572507542
270 9 130 -0.0150007645025
270 66 87 0.0171647345043
270 35 84 0.125409974973
270 38 92 0.0834846820147
270 173 183 0.245150631379
270 40 188 0.108011656489
270 41 172 -0.185557893183
270 136 138 -0.0196174292626
270 39 107 -0.168891393991
270 24 122 -0.230126525065
270 84 172 -0.15630493975
270 5 139 0.264297908656
270 129 156 0.034772788197
270 87 172 -0.178179856515
270 12 44 0.115240265964
270 34 53 -0.296329267806
270 122 183 0.305475036745
270 54 156 0.0736165083667
270 87 98 -0.365982139988
270 63 131 -0.117067540761
270 92 112 -0.0602878338261
270 35 68 0.159040031155
270 42 137 0.0256781020551
270 9 119 0.0993375105936
270 57 97 -0.216034536121
270 115 164 0.108084615305
270 16 113 -0.00887021171775
270 99 101 -0.295700313172
270 45 98 -0.288796676728
270 81 118 0.0557293611148
270 25 102 0.146197546227
270 27 122 -0.260206933981
270 92 101 -0.268087835193
270 50 145 0.222236406796
270 25 127 0.0565974574952
270 77 88 0.343871757271
270 118 169 -0.200224853025
270 69 81 -0.00540857657143
270 85 172 -0.150177829743
270 114 141 -0.0510285966755
270 30 131 -0.0346283871562
270 118 181 -0.0388166279573
270 9 97 -0.162443713251
270 63 156 -0.0317406614468
270 64 103 -0.188245734393
270 99 109 0.111222939377
270 75 109 0.0911872201326
270 94 154 -0.0826133358792
270 74 103 0.301684646635
270 23 50 -0.297351805429
270 124 179 0.065210905632
270 102 139 0.137442209729
270 43 66 -0.0873346589793
270 26 152 0.131568098396
270 47 145 -0.245609892808
270 22 31 -0.0905328244525
270 11 188 0.173346157592
270 23 74 -0.336761954688
270 99 110 0.05189625438
270 41 53 -0.282699878214
270 38 84 0.044306751724
270 12 122 -0.281919724759
270 31 157 0.142369024396
270 106 136 0.134724285734
270 88 176 -0.191908517292
270 5 188 0.278335305681
270 145 183 0.180637031442
270 109 165 0.0100241332439
270 48 116 0.125043722749
270 43 148 -0.208418022768
270 86 179 -0.0552230103894
270 14 147 -0.0821777098252
270 37 181 0.00396627160936
270 117 172 -0.13494458373
270 29 111 0.268397547919
270 43 96 -0.175501727077
270 96 188 0.172677512832
270 65 132 -0.0368667692401
270 136 163 0.0274822178375
270 121 162 0.219662883966
270 91 109 -0.0480646706727
270 23 53 -0.270954603662
270 18 20 0.135752454613
270 165 171 -0.120504935153
270 32 60 0.20774049125
270 92 163 -0.0323903518815
270 47 135 -0.0959885389381
270 24 48 0.0393221944474
270 109 164 0.136780908838
270 0 8 -0.0191124443717
270 107 131 0.0203388536678
270 86 111 0.0927144472945
270 155 164 0.172826087324
270 5 136 0.260438270085
270 133 140 0.0909690796129
270 147 160 0.172009020923
270 90 140 0.0668043287249
270 8 143 0.192955957566
270 29 173 -0.000144227303228
270 1 188 0.227619923191
270 81 91 0.0539934187322
270 56 76 0.0542827196053
270 102 175 -0.0571038863208
270 69 138 0.0497995460097
270 73 100 0.0496549617679
270 66 129 -0.0665870239906
270 35 187 0.162813902236
270 62 66 0.0447402919287
270 104 168 0.0860994847996
270 27 61 0.129807642018
270 151 182 0.121675754842
270 18 145 -0.18115852692
270 83 133 0.176171024393
270 50 101 0.0452461100891
270 66 154 -0.0821777098252
270 54 60 0.125629742368
270 12 41 0.0805806792389
270 103 145 -0.0731814912279
270 147 150 0.103344639688
270 81 189 0.0318850347648
270 16 117 -0.0455351594097
270 64 186 -0.0181025035711
270 110 175 -0.0649212281018
270 110 116 0.113705947505
270 42 93 -0.0253172993276
270 97 126 0.1936295328
270 80 97 0.041272427147
270 3 188 0.201575997971
270 4 56 -0.0747766905037
270 62 107 -0.147892282701
270 146 169 0.233777580036
270 99 128 -0.092205324003
270 48 60 0.168594647614
270 2 127 0.193704385196
270 63 106 -0.125409974973
270 98 172 0.266694748433
270 22 167 0.101522815051
270 34 71 0.103125984871
270 15 174 -0.0989733856648
270 9 108 0.0789840587035
270 32 120 0.0739790438886
270 16 170 -0.300896043383
270 24 60 0.161777484211
270 33 73 -0.181903689651
270 37 159 0.0301526409207
270 41 187 0.00504799845574
270 24 41 0.160741410622
270 50 136 0.349144846657
270 21 42 0.124457788557
270 55 150 0.0643419056316
270 31 127 -0.0178139559286
270 131 138 0.132522016912
270 22 147 -0.139647412399
270 115 165 -0.0561633987351
270 63 104 -0.262521525509
270 108 182 0.00800478624246
270 82 130 0.0108895917387
270 6 180 0.080435515098
270 15 158 -0.0238019987389
270 89 154 -0.072529017305
270 60 136 0.0487152144853
270 7 109 0.117433088739
270 50 72 0.279581265069
270 147 157 0.152243533541
270 58 162 0.094096595766
270 55 74 -0.302000189903
270 19 31 -0.134430575287
270 51 160 0.145681922771
270 89 139 0.0411279548866
270 62 97 -0.159040031155
270 29 37 0.289814832767
270 5 14 0.250898758941
270 55 181 0.128707763631
270 17 86 -0.122993324061
270 131 139 0.169930238742
270 24 51 0.0586957114867
270 50 134 0.27537951794
270 89 165 -0.00793266801196
270 49 184 0.236748572006
270 18 168 -0.124677503894
270 60 73 -0.236138804786
270 154 190 0.0635454075704
270 30 115 0.113413757016
270 106 167 0.158004856342
270 6 14 0.0919871429126
270 85 166 0.0807258467687
270 63 186 -0.0194731468557
270 70 190 0.00670667010586
270 65 82 -0.11794490842
270 19 172 -0.201801259285
270 94 185 0.0423560244063
270 59 179 0.0248843447451
270 116 182 -0.0915508069087
270 5 109 0.237434766807
270 9 25 -0.130100995567
270 131 144 0.00540857657143
270 23 163 -0.0970803554597
270 83 153 0.116775124806
270 50 175 0.247601202599
270 32 110 0.154236683846
270 178 181 0.138691660126
270 138 184 0.0215653241409
270 79 133 0.16170346756
270 94 129 -0.065210905632
270 24 87 0.159113985123
270 0 1 -0.107646879575
270 12 99 -0.0884247392132
270 50 173 0.077750582071
270 69 142 0.100648578461
270 6 149 -0.185632519483
270 30 109 0.090605531255
270 27 58 0.0584062668643
270 57 142 0.0747766905037
270 147 164 0.170004455816
270 43 65 -0.0310909977973
270 28 103 0.0432229736711
270 15 168 -0.132815578468
270 17 103 -0.16570290313
270 173 189 0.185856410652
270 40 61 -0.0436564725732
270 129 164 0.132228478063
270 113 161 0.0212045909625
270 144 187 0.190487655851
270 133 142 0.023657690206
270 105 115 0.0697023353567
270 20 64 -0.108084615305
270 4 105 0.149440387464
270 33 186 0.0524024240121
270 29 128 0.074559141141
270 9 104 -0.187946953267
270 54 58 0.0542103935379
270 46 151 -0.168743017123
270 64 75 -0.133990052823
270 48 79 -0.00331724011893
270 2 135 0.276779039913
270 24 92 0.121456200959
270 23 154 -0.156526616986
270 67 139 0.00872597325086
270 45 79 -0.118091153901
270 128 134 0.218301591253
270 102 107 -0.0697023353567
270 130 161 0.145608268563
270 49 172 0.038455521193
270 10 177 0.0027403256017
270 64 130 -0.121017128124
270 115 142 -0.0122599348998
270 131 143 0.14737640449
270 128 138 0.202627390524
270 123 138 0.103781978884
270 10 165 0.0451738489414
270 88 103 -0.180562540028
270 38 189 0.0106732256364
270 38 43 0.0605049648926
270 52 136 0.220873594828
270 11 80 -0.150915434181
270 53 64 0.321840768525
